[16.jpg]
filters=Lomo=1,0.000000,17.543859;
moddate=6a25a86f1bd2d201
width=2288
height=987
textactive=0
